0400:  00 00 00 00 00 00 00 00 00 00 00 00 00 00 00 3F
0410:  00 00 00 00 00 00 00 00 00 00 00 00 00 00 00 00
0420:  00 00 00 00 00 00 00 00 00 00 00 00 00 00 00 00
0430:  00 00 00 00 00 00 00 00 00 00 00 00 00 00 00 00
0440:  00 00 00 00 00 00 00 00 00 00 00 00 00 00 00 00
0450:  00 00 00 00 00 00 00 00 00 00 00 00 00 00 00 00
0460:  00 00 00 00 00 00 00 00 00 00 00 00 00 00 00 00
0470:  00 00 00 00 00 00 00 00 00 00 00 00 00 00 00 00
0480:  00 00 3F 00 00 00 00 00 00 00 00 00 00 00 00 00
0490:  00 00 3F 00 3F 00 3F 00 00 00 3F 00 00 00 00 20
04A0:  00 00 00 00 00 00 00 00 00 00 00 00 00 00 00 00
04B0:  00 00 00 00 00 00 00 00 00 00 00 00 00 00 00 20
04C0:  00 00 00 00 00 00 00 00 00 00 00 00 00 00 00 00
04D0:  00 3F 00 00 00 00 00 3F 00 00 00 00 00 00 00 00
04E0:  00 00 00 00 00 00 00 00 00 00 00 00 00 00 3F 00
04F0:  00 02 00 00 00 3F 00 00 00 3F 00 3F 00 00 00 00
0500:  00 00 00 00 00 00 00 00 00 00 00 00 00 3F 00 00
0510:  00 0F 00 00 00 00 00 00 00 00 00 00 00 00 00 00
0520:  00 00 00 00 00 00 00 00 00 00 00 00 00 00 00 00
0530:  00 0E 00 00 00 00 00 3F 00 00 3F 3F 00 00 00 00
0540:  1B 00 00 00 00 00 00 00 00 00 00 00 00 00 00 00
0550:  00 15 03 00 00 00 00 00 00 00 00 00 00 08 00 00
0560:  21 00 00 00 00 00 00 00 00 00 00 00 00 00 00 00
0570:  00 13 12 00 00 21 21 21 21 21 21 21 21 09 00 00
0580:  29 00 00 00 00 00 00 00 00 00 00 00 00 00 00 00
0590:  00 00 05 00 00 22 22 22 23 23 24 25 26 07 00 00
05A0:  28 00 00 00 00 00 00 00 00 00 00 00 00 00 00 00
05B0:  00 05 04 00 00 21 22 28 20 22 23 24 25 08 00 21
05C0:  20 00 00 00 00 00 00 00 00 00 00 00 00 00 00 00
05D0:  00 16 09 00 3F 20 20 20 21 21 22 23 24 00 00 26
05E0:  00 00 00 00 3F 00 3F 00 00 00 00 00 00 00 00 00
05F0:  00 05 14 00 00 22 21 25 20 20 20 22 23 13 00 25
0600:  01 00 00 00 00 00 00 00 00 00 00 00 00 00 00 00
0610:  00 12 13 00 00 00 00 00 00 00 00 00 00 03 00 24
0620:  14 00 00 00 00 00 00 00 00 00 00 00 00 00 00 00
0630:  00 19 00 00 00 07 04 04 05 04 03 04 05 0F 00 23
0640:  01 00 00 00 00 00 3D 00 00 00 00 00 00 00 00 00
0650:  3F 00 22 00 00 0A 06 05 04 03 01 06 0A 12 00 00
0660:  12 00 00 00 00 00 00 00 00 00 00 00 00 00 00 00
0670:  00 21 00 00 00 12 17 17 00 02 04 14 04 05 00 00
0680:  09 00 00 00 00 00 00 00 00 00 00 00 00 00 00 00
0690:  00 22 00 00 00 00 3F 00 00 00 00 00 00 13 00 00
06A0:  00 00 00 00 00 00 00 00 00 00 00 00 00 00 00 00
06B0:  00 20 00 00 00 00 00 00 00 00 00 00 00 00 00 00
06C0:  00 00 00 00 00 00 00 00 00 00 00 00 00 00 00 00
06D0:  3E 20 00 00 3F 00 00 00 00 00 00 00 00 00 00 00
06E0:  00 00 00 00 00 3F 00 00 00 00 00 00 3F 00 00 00
06F0:  00 20 00 00 00 00 00 00 00 00 00 00 00 00 00 00
0700:  00 00 00 00 00 00 00 00 00 00 00 00 00 00 00 00
0710:  00 00 00 00 00 00 00 00 00 00 00 00 00 00 00 00
0720:  00 00 00 00 00 00 00 00 00 00 00 00 00 00 00 00
0730:  00 00 00 00 00 00 00 3F 00 00 00 00 00 00 00 00
0740:  00 00 00 00 00 00 00 00 00 00 00 00 00 00 00 00
0750:  00 00 00 00 00 00 00 00 00 00 00 00 00 00 00 00
0760:  00 00 00 00 00 00 00 00 00 00 00 00 00 00 3F 00
0770:  00 00 00 00 00 00 00 00 00 00 00 00 00 00 00 00
0780:  00 00 00 00 00 00 00 00 00 00 00 00 00 00 00 00
0790:  00 00 00 3F 00 00 00 00 00 00 00 00 00 00 00 00
07A0:  00 00 00 00 00 00 00 00 00 00 00 00 00 00 00 3F
07B0:  3F 00 00 00 00 00 00 00 3F 00 00 00 00 00 00 00
07C0:  81 80 87 86 85 84 83 82 81 80 87 86 1C 1B 11 10
07D0:  49 51 59 61 69 71 79 81 89 91 99 A1 A4 C1 36 36
07E0:  98 98 98 98 98 98 98 98 98 98 98 98 F8 23 AA 28
07F0:  39 3D 3D 3D 3D 3D 3D 3D 3D 3D 3D 3D 39 39 39 39
